# Created by Octave 7.1.0, Thu Oct 13 08:45:14 2022 CEST <tia@mpc1452.psi.ch>
# name: Z
# type: matrix
# rows: 2233
# columns: 1
 -1.1160000000000001
 -1.11499999820789
 -1.1139999964157701
 -1.1129999946236599
 -1.1119999928315401
 -1.1109999910394299
 -1.10999998924731
 -1.1089999874551999
 -1.10799998566308
 -1.1069999838709701
 -1.10599998207885
 -1.1049999802867401
 -1.1039999784946199
 -1.10299997670251
 -1.1019999749103899
 -1.10099997311828
 -1.0999999713261699
 -1.09899996953405
 -1.0979999677419401
 -1.09699996594982
 -1.0959999641577101
 -1.0949999623655899
 -1.09399996057348
 -1.0929999587813599
 -1.09199995698925
 -1.0909999551971299
 -1.08999995340502
 -1.0889999516129001
 -1.08799994982079
 -1.0869999480286701
 -1.0859999462365599
 -1.08499994444444
 -1.0839999426523299
 -1.08299994086022
 -1.0819999390681001
 -1.08099993727599
 -1.0799999354838701
 -1.0789999336917599
 -1.0779999318996401
 -1.0769999301075299
 -1.07599992831541
 -1.0749999265232999
 -1.07399992473118
 -1.0729999229390701
 -1.07199992114695
 -1.0709999193548401
 -1.0699999175627199
 -1.06899991577061
 -1.0679999139784999
 -1.06699991218638
 -1.0659999103942699
 -1.06499990860215
 -1.0639999068100401
 -1.06299990501792
 -1.0619999032258101
 -1.0609999014336899
 -1.05999989964158
 -1.0589998978494599
 -1.05799989605735
 -1.0569998942652299
 -1.05599989247312
 -1.0549998906810001
 -1.05399988888889
 -1.0529998870967701
 -1.0519998853046599
 -1.05099988351255
 -1.0499998817204299
 -1.04899987992832
 -1.0479998781362001
 -1.04699987634409
 -1.0459998745519701
 -1.0449998727598599
 -1.0439998709677401
 -1.0429998691756299
 -1.04199986738351
 -1.0409998655913999
 -1.03999986379928
 -1.0389998620071701
 -1.03799986021505
 -1.0369998584229401
 -1.0359998566308199
 -1.03499985483871
 -1.0339998530465999
 -1.03299985125448
 -1.0319998494623699
 -1.03099984767025
 -1.0299998458781401
 -1.02899984408602
 -1.0279998422939101
 -1.0269998405017899
 -1.02599983870968
 -1.0249998369175599
 -1.02399983512545
 -1.0229998333333301
 -1.02199983154122
 -1.0209998297491001
 -1.01999982795699
 -1.0189998261648801
 -1.0179998243727599
 -1.01699982258065
 -1.0159998207885299
 -1.01499981899642
 -1.0139998172043001
 -1.01299981541219
 -1.0119998136200701
 -1.0109998118279599
 -1.0099998100358401
 -1.0089998082437299
 -1.00799980645161
 -1.0069998046594999
 -1.00599980286738
 -1.0049998010752701
 -1.00399979928315
 -1.0029997974910401
 -1.0019997956989299
 -1.00099979390681
 -0.99999979211469503
 -0.99899979032258102
 -0.997999788530466
 -0.99699978673835099
 -0.99599978494623698
 -0.99499978315412196
 -0.99399978136200695
 -0.99299977956989205
 -0.99199977777777804
 -0.99099977598566302
 -0.98999977419354801
 -0.988999772401434
 -0.98799977060931898
 -0.98699976881720397
 -0.98599976702508996
 -0.98499976523297506
 -0.98399976344086004
 -0.98299976164874603
 -0.98199975985663102
 -0.980999758064516
 -0.97999975627240099
 -0.97899975448028698
 -0.97799975268817196
 -0.97699975089605695
 -0.97599974910394305
 -0.97499974731182804
 -0.97399974551971302
 -0.97299974372759901
 -0.971999741935484
 -0.97099974014336898
 -0.96999973835125497
 -0.96899973655913996
 -0.96799973476702506
 -0.96699973297491004
 -0.96599973118279603
 -0.96499972939068102
 -0.963999727598566
 -0.96299972580645199
 -0.96199972401433698
 -0.96099972222222196
 -0.95999972043010795
 -0.95899971863799305
 -0.95799971684587804
 -0.95699971505376302
 -0.95599971326164901
 -0.954999711469534
 -0.95399970967741898
 -0.95299970788530497
 -0.95199970609318996
 -0.95099970430107506
 -0.94999970250896104
 -0.94899970071684603
 -0.94799969892473102
 -0.946999697132617
 -0.94599969534050199
 -0.94499969354838698
 -0.94399969175627196
 -0.94299968996415795
 -0.94199968817204305
 -0.94099968637992804
 -0.93999968458781402
 -0.93899968279569901
 -0.937999681003584
 -0.93699967921146998
 -0.93599967741935497
 -0.93499967562723996
 -0.93399967383512505
 -0.93299967204301104
 -0.93199967025089603
 -0.93099966845878102
 -0.929999666666667
 -0.92899966487455199
 -0.92799966308243698
 -0.92699966129032296
 -0.92599965949820795
 -0.92499965770609305
 -0.92399965591397903
 -0.92299965412186402
 -0.92199965232974901
 -0.920999650537634
 -0.91999964874551998
 -0.91899964695340497
 -0.91799964516128996
 -0.91699964336917605
 -0.91599964157706104
 -0.91499963978494603
 -0.91399963799283201
 -0.912999636200717
 -0.91199963440860199
 -0.91099963261648698
 -0.90999963082437296
 -0.90899962903225795
 -0.90799962724014305
 -0.90699962544802903
 -0.90599962365591402
 -0.90499962186379901
 -0.903999620071685
 -0.90299961827956998
 -0.90199961648745497
 -0.90099961469534096
 -0.89999961290322605
 -0.89899961111111104
 -0.89799960931899603
 -0.89699960752688201
 -0.895999605734767
 -0.89499960394265199
 -0.89399960215053798
 -0.89299960035842296
 -0.89199959856630795
 -0.89099959677419405
 -0.88999959498207903
 -0.88899959318996402
 -0.88799959139784901
 -0.88699958960573499
 -0.88599958781361998
 -0.88499958602150497
 -0.88399958422939096
 -0.88299958243727605
 -0.88199958064516104
 -0.88099957885304703
 -0.87999957706093201
 -0.878999575268817
 -0.87799957347670299
 -0.87699957168458798
 -0.87599956989247296
 -0.87499956810035795
 -0.87399956630824405
 -0.87299956451612903
 -0.87199956272401402
 -0.87099956093190001
 -0.86999955913978499
 -0.86899955734766998
 -0.86799955555555597
 -0.86699955376344096
 -0.86599955197132605
 -0.86499955017921104
 -0.86399954838709703
 -0.86299954659498201
 -0.861999544802867
 -0.86099954301075299
 -0.85999954121863798
 -0.85899953942652296
 -0.85799953763440895
 -0.85699953584229405
 -0.85599953405017903
 -0.85499953225806502
 -0.85399953046595001
 -0.85299952867383499
 -0.85199952688171998
 -0.85099952508960597
 -0.84999952329749096
 -0.84899952150537605
 -0.84799951971326204
 -0.84699951792114703
 -0.84599951612903201
 -0.844999514336918
 -0.84399951254480299
 -0.84299951075268797
 -0.84199950896057396
 -0.84099950716845895
 -0.83999950537634405
 -0.83899950358422903
 -0.83799950179211502
 -0.83699950000000001
 -0.83599949820788499
 -0.83499949641577098
 -0.83399949462365597
 -0.83299949283154096
 -0.83199949103942705
 -0.83099948924731204
 -0.82999948745519703
 -0.82899948566308201
 -0.827999483870968
 -0.82699948207885299
 -0.82599948028673797
 -0.82499947849462396
 -0.82399947670250895
 -0.82299947491039405
 -0.82199947311828003
 -0.82099947132616502
 -0.81999946953405001
 -0.81899946774193599
 -0.81799946594982098
 -0.81699946415770597
 -0.81599946236559096
 -0.81499946057347705
 -0.81399945878136204
 -0.81299945698924703
 -0.81199945519713301
 -0.810999453405018
 -0.80999945161290299
 -0.80899944982078897
 -0.80799944802867396
 -0.80699944623655895
 -0.80599944444444405
 -0.80499944265233003
 -0.80399944086021502
 -0.80299943906810001
 -0.80199943727598599
 -0.80099943548387098
 -0.79999943369175597
 -0.79899943189964195
 -0.79799943010752705
 -0.79699942831541204
 -0.79599942652329803
 -0.79499942473118301
 -0.793999422939068
 -0.79299942114695299
 -0.79199941935483897
 -0.79099941756272396
 -0.78999941577060895
 -0.78899941397849505
 -0.78799941218638003
 -0.78699941039426502
 -0.78599940860215101
 -0.78499940681003599
 -0.78399940501792098
 -0.78299940322580597
 -0.78199940143369195
 -0.78099939964157705
 -0.77999939784946204
 -0.77899939605734803
 -0.77799939426523301
 -0.776999392473118
 -0.77599939068100399
 -0.77499938888888897
 -0.77399938709677396
 -0.77299938530465995
 -0.77199938351254505
 -0.77099938172043003
 -0.76999937992831502
 -0.76899937813620101
 -0.76799937634408599
 -0.76699937455197098
 -0.76599937275985697
 -0.76499937096774195
 -0.76399936917562705
 -0.76299936738351304
 -0.76199936559139803
 -0.76099936379928301
 -0.759999362007169
 -0.75899936021505399
 -0.75799935842293897
 -0.75699935663082396
 -0.75599935483870995
 -0.75499935304659505
 -0.75399935125448003
 -0.75299934946236602
 -0.75199934767025101
 -0.75099934587813599
 -0.74999934408602198
 -0.74899934229390697
 -0.74799934050179195
