undulator matrix for 457 MeV: 0 0 0 0 .2343 0
R1: 1  0.2343  0 0 0 0
R2: 0    1     0 0 0 0
R3: 0 0  0.99334085331081767 0.23377968939110552 0 0
R4: 0 0  -0.056779736418974096 0.99334085331081767 0 0
R5: 0 0   0    0   1 0
R6: 0 0   0    0   0 1
