
  g.PhA = 90; %% [degree], phase advance

  g.P_M1 = [ 0.1534 +0.0887 0.4645 -0.2829 0.2462 +0.3677 0.5471 -0.3432 0.2987 ];
  g.P_M2 = [ 0.2905 -0.7138 0.3984 +0.7257 0.4345 -0.5695 0.6671 ];
  g.P_M3 = [ 0.6498 -0.9185 1.2314 +0.7167 1.0943 -0.6801 1.5064 ];
  g.P_M4 = [ 1.5553 -0.7807 1.5588 +0.8875 1.0593 -0.7406 2.7015 ];
  g.P_M5 = [ 1.9171 -0.6624 3.2125 +0.6282 1.2914 -0.8636 2.9322 ];

  g.Phase = -8.7; %% [degree], phase
  g.Deficit = -2.0; %% [MeV]
