undulator matrix for 457 MeV: 0 0 0 0 .2343 0
R1: 1  0.2343  0 0 0 0
R2: 0    1     0 0 0 0
R3: 0 0  0.99403153211414697 0.23383367691900922 0 0
R4: 0 0  -0.050896488990009016 0.99403153211414697 0 0
R5: 0 0   0    0   1 0
R6: 0 0   0    0   0 1
