
  g.PhA = 90; %% [degree], phase advance

  g.P_M1 = [ 0.1596 +0.1495 0.1506 -0.3635 0.2972 +0.3524 0.6301 -0.4074 0.1801 ];
  g.P_M2 = [ 0.2889 -0.7743 0.3799 +0.7580 0.3715 -0.6390 0.5300 ];
  g.P_M3 = [ 0.4698 -1.0227 1.1033 +0.7168 0.8154 -0.7823 1.1831 ];
  g.P_M4 = [ 0.4761 -0.9968 0.8846 +0.7568 0.9021 -0.8660 2.0407 ];
  g.P_M5 = [ 1.9178 -0.7521 1.5902 +0.5651 1.6994 -0.6966 2.6806 ];

  g.Phase = -5.7; %% [degree], phase
  g.Deficit = 3.5; %% [MeV]
