
  g.PhA = 90; %% [degree], phase advance

  g.P_M1 = [ 0.2287 +0.1173 0.1826 -0.3055 0.3179 +0.3228 0.6238 -0.3819 0.1926 ];
  g.P_M2 = [ 0.2514 -0.7475 0.4839 +0.7007 0.4516 -0.5934 0.6654 ];
  g.P_M3 = [ 0.7635 -0.8744 1.2488 +0.7367 1.2510 -0.6269 1.6935 ];
  g.P_M4 = [ 1.0875 -0.8509 1.9822 +0.7497 1.1803 -0.7838 2.6056 ];
  g.P_M5 = [ 2.1797 -0.6321 3.2604 +0.6300 1.5009 -0.8170 2.9953 ];

  g.Phase = -15.7; %% [degree], phase
  g.Deficit = -70.0; %% [MeV]
