
  g.PhA = 90; %% [degree], phase advance

  %g.P_M1 = [ 0.1096 +0.1495 0.1006 -0.3635 0.2972 +0.3524 0.6301 -0.4074 0.1801 ];
  %g.P_M2 = [ 0.2889 -0.7743 0.3799 +0.7580 0.3715 -0.6390 0.5300 ];
  %g.P_M3 = [ 0.4698 -1.0227 1.1033 +0.7168 0.8154 -0.7823 1.1831 ];
  %g.P_M4 = [ 0.4761 -0.9968 0.8846 +0.7568 0.9021 -0.8660 2.0407 ];
  %g.P_M5 = [ 1.9178 -0.7521 1.5902 +0.5651 1.6994 -0.6966 2.6806 ];

  %g.P_M1 = [ 0.1464 +0.1745 0.1567 -0.3343 0.3476 +0.3422 0.4871 -0.4075 0.1796 ];
  %g.P_M2 = [ 0.2727 -0.7342 0.3442 +0.7379 0.4060 -0.5664 0.6530 ];
  %g.P_M3 = [ 0.5221 -1.0224 1.0803 +0.6737 0.9121 -0.7426 1.3709 ];
  %g.P_M4 = [ 0.5768 -1.0605 0.9647 +0.7653 0.9673 -0.8920 2.1640 ];
  %g.P_M5 = [ 1.8258 -0.7342 1.6577 +0.5356 1.6573 -0.7105 2.7095 ];

  g.P_M1 = [ 0.1534 +0.0887 0.4645 -0.2829 0.2462 +0.3677 0.5471 -0.3432 0.2987 ];
  g.P_M2 = [ 0.2905 -0.7138 0.3984 +0.7257 0.4345 -0.5695 0.6671 ];
  g.P_M3 = [ 0.6498 -0.9185 1.2314 +0.7167 1.0943 -0.6801 1.5064 ];
  g.P_M4 = [ 1.5553 -0.7807 1.5588 +0.8875 1.0593 -0.7406 2.7015 ];
  g.P_M5 = [ 1.9171 -0.6624 3.2125 +0.6282 1.2914 -0.8636 2.9322 ];

  g.Phase = -8.7; %% [degree], phase
  g.Deficit = -2.0; %% [MeV]
